2.4628610610961914
2.370882034301758
2.381415843963623
2.453701972961426
2.4296090602874756
2.4498190879821777
2.4060182571411133
2.189544916152954
2.4551620483398438
2.51242995262146
2.4531409740448
2.409013032913208
2.4321389198303223
2.2544338703155518
2.5624938011169434
2.421999931335449
2.417525053024292
2.431331157684326
2.4098169803619385
2.4156320095062256
2.4729163646698
2.4132301807403564
2.2439260482788086
2.4281511306762695
2.3941612243652344
2.4612839221954346
2.4013941287994385
2.4071030616760254
2.4159610271453857
2.441765785217285
2.2584731578826904
2.4084599018096924
2.4041149616241455
2.583003044128418
2.487938165664673
2.46150803565979
2.4171741008758545
2.44779896736145
2.444619655609131
2.3421881198883057
2.491565227508545
2.5253539085388184
2.440424919128418
2.1860899925231934
2.5026497840881348
2.320438861846924
2.3928909301757812
2.444593906402588
2.4432990550994873
2.3909969329833984
2.2768869400024414
2.4827919006347656
2.383823871612549
2.3925979137420654
2.396975040435791
2.5054519176483154
2.459232807159424
2.4125430583953857
2.5583250522613525
2.383481979370117
2.4172840118408203
2.425374984741211
2.403870105743408
2.361639976501465
2.4055349826812744
2.3984341621398926
2.4603757858276367
2.354530096054077
2.451174259185791
2.420736074447632
2.422576904296875
2.4108810424804688
2.4035379886627197
2.415900945663452
2.1622326374053955
2.3753669261932373
2.4675040245056152
2.4786298274993896
2.3892569541931152
2.4290478229522705
2.394538164138794
2.457382917404175
2.3808400630950928
2.405471086502075
2.440147876739502
2.4222538471221924
2.389578104019165
5.856494188308716
2.4125308990478516
2.4081780910491943
2.4646708965301514
2.383970022201538
2.373838186264038
2.428431987762451
2.527501106262207
2.4388458728790283
2.384411096572876
2.4076929092407227
2.432476758956909
2.5003037452697754
Average Response Time: 2.45 seconds
