2.470224142074585
2.486039876937866
5.918527841567993
2.400771141052246
2.47580885887146
2.437971830368042
2.411007881164551
2.47664213180542
2.4403629302978516
2.546674966812134
2.4619362354278564
2.442229986190796
2.557080030441284
2.5808517932891846
2.5090110301971436
2.4393699169158936
2.429992914199829
2.450125217437744
2.613335132598877
2.4786880016326904
2.418131113052368
2.429779052734375
2.513150930404663
2.6471710205078125
2.5068538188934326
2.4379889965057373
2.394540786743164
2.436741828918457
2.5867600440979004
2.4314208030700684
2.4072988033294678
2.4350552558898926
2.4533329010009766
2.4518070220947266
2.4856200218200684
2.410421848297119
2.4185171127319336
2.4300549030303955
2.4602599143981934
2.4475560188293457
2.437838077545166
2.411574602127075
2.4279439449310303
2.421428918838501
2.443510055541992
2.500113010406494
2.406414031982422
2.4049761295318604
2.4179162979125977
2.444509267807007
2.5001180171966553
2.412224769592285
2.399183988571167
2.427704095840454
2.457145929336548
2.4805688858032227
2.4531619548797607
2.4240009784698486
2.4024999141693115
2.5016798973083496
2.450040102005005
2.454071044921875
2.4436419010162354
2.4951319694519043
2.5410430431365967
2.4536640644073486
2.3798329830169678
2.3988122940063477
2.412109136581421
2.436424970626831
2.420522928237915
2.4241178035736084
2.4210009574890137
2.4383292198181152
2.4816269874572754
2.474487066268921
2.431925058364868
2.4254579544067383
2.4012107849121094
2.544506788253784
2.5383460521698
2.448673725128174
2.441174030303955
2.4357399940490723
2.4395461082458496
2.4731240272521973
2.3867340087890625
2.4330859184265137
2.4445888996124268
2.5267210006713867
2.43400502204895
2.4369699954986572
2.437649965286255
2.4239721298217773
2.429398775100708
2.4507510662078857
2.4364917278289795
2.429158926010132
2.395291805267334
2.500379800796509
Average Response Time: 2.49 seconds
