2.479902982711792
2.425508975982666
2.3902881145477295
2.4065141677856445
2.3866610527038574
2.455979824066162
2.4196901321411133
2.360522985458374
2.4526381492614746
2.383219003677368
2.455188035964966
2.381465196609497
2.3776447772979736
2.4145700931549072
2.4587221145629883
2.6177549362182617
2.3938071727752686
2.45062518119812
2.443652868270874
2.406838893890381
2.4116082191467285
2.4276089668273926
2.395922899246216
2.4305570125579834
2.407432794570923
2.4822492599487305
2.4359169006347656
2.384032964706421
5.899118900299072
5.885733127593994
2.3975799083709717
2.394685983657837
2.409684419631958
2.4143190383911133
2.416224956512451
2.404728889465332
2.2444868087768555
2.412770986557007
2.4275031089782715
2.409403085708618
2.4096202850341797
2.4880430698394775
2.4902448654174805
2.3373372554779053
2.4523818492889404
2.524235963821411
2.4770328998565674
2.272763729095459
2.468510150909424
2.3945469856262207
2.4500010013580322
2.4932239055633545
2.5365889072418213
2.461977005004883
2.468175172805786
2.3991191387176514
2.461695909500122
2.2787230014801025
2.510035991668701
2.435107946395874
2.316530227661133
2.569366931915283
2.570005178451538
2.441615104675293
2.5090601444244385
2.396617889404297
2.451434850692749
2.204169273376465
2.3930630683898926
2.3944740295410156
2.389492988586426
2.4698421955108643
5.851315259933472
2.4190561771392822
2.387561082839966
2.180202007293701
2.454969882965088
2.3816678524017334
2.160001039505005
2.3776628971099854
2.4030489921569824
2.453187942504883
2.382456064224243
2.3640997409820557
2.3929061889648438
2.4842348098754883
2.397325038909912
2.3650431632995605
2.362924098968506
2.4073920249938965
2.421382188796997
2.433603048324585
2.4016289710998535
2.418715000152588
2.3772449493408203
2.412738800048828
2.490424156188965
2.3961939811706543
2.3952667713165283
2.391007900238037
Average Response Time: 2.52 seconds
