2.425175189971924
2.36808180809021
2.386167049407959
2.492418050765991
2.4949910640716553
2.453572988510132
2.3868281841278076
2.3904998302459717
2.5094029903411865
2.4640889167785645
2.373140811920166
2.424394130706787
2.367790699005127
2.2379560470581055
2.3902621269226074
2.4403820037841797
2.405127763748169
2.5003790855407715
2.5717551708221436
2.411522626876831
2.430191993713379
2.407654047012329
5.858129978179932
2.361208200454712
2.4053940773010254
2.425572156906128
2.5708770751953125
2.5957250595092773
2.4473118782043457
2.442276954650879
2.3877480030059814
2.5048739910125732
2.4942281246185303
2.5214109420776367
2.4919962882995605
2.43298602104187
2.5387089252471924
2.581573247909546
2.480670928955078
2.3748600482940674
2.378120183944702
2.4004290103912354
3.030261754989624
2.3574442863464355
2.3781239986419678
2.3663439750671387
2.363597869873047
5.731705904006958
2.2717700004577637
2.447932720184326
2.5098791122436523
2.4296061992645264
2.455533027648926
2.422053813934326
2.3608450889587402
2.426453113555908
2.379377841949463
2.3826498985290527
2.393653154373169
2.17863392829895
2.4524381160736084
2.4318408966064453
2.461019277572632
2.4476051330566406
2.5114119052886963
2.453942060470581
2.4930338859558105
2.4158060550689697
2.467864751815796
2.3956189155578613
2.4913809299468994
2.4429969787597656
2.4288382530212402
2.422349691390991
2.405282974243164
2.211851119995117
2.455803871154785
2.4158430099487305
2.411494016647339
2.3775370121002197
2.4887969493865967
2.5260679721832275
2.461322069168091
2.4639170169830322
2.5113911628723145
2.541753053665161
5.957016229629517
2.440541982650757
2.4706969261169434
2.400975227355957
2.202302932739258
2.4727981090545654
2.407801866531372
2.423459053039551
2.3866541385650635
2.1939940452575684
2.441941976547241
2.3751180171966553
2.4313838481903076
2.4010062217712402
Average Response Time: 2.54 seconds
