2.3694188594818115
2.4359652996063232
2.443045139312744
2.3903231620788574
2.4234108924865723
2.397369146347046
2.472778081893921
2.438910961151123
2.349249839782715
2.3622488975524902
2.391777992248535
2.4992949962615967
2.4443931579589844
2.4106130599975586
2.4321630001068115
2.3851728439331055
2.4404258728027344
2.37955904006958
2.4012298583984375
2.40107798576355
2.375783920288086
2.4289889335632324
2.3914332389831543
2.3724489212036133
2.410184860229492
2.4490580558776855
2.48203182220459
2.412553071975708
2.3922157287597656
2.4200849533081055
2.3844170570373535
2.4210691452026367
2.3626580238342285
2.398427724838257
2.3988049030303955
2.4103970527648926
2.392652988433838
2.4107630252838135
2.3760948181152344
2.395071029663086
2.4411280155181885
2.4400720596313477
2.456510066986084
2.3902170658111572
2.4014101028442383
2.4199671745300293
2.5095291137695312
2.393566846847534
2.4421868324279785
2.3711769580841064
2.370176076889038
2.5177090167999268
2.4113030433654785
2.389784097671509
2.3786046504974365
2.4240341186523438
2.381351947784424
2.4113869667053223
2.400182008743286
2.417288303375244
2.470855951309204
2.394819736480713
2.459228038787842
2.392703056335449
2.3999319076538086
2.40167498588562
2.4431371688842773
2.4387598037719727
2.367094039916992
2.4178428649902344
2.401305913925171
2.4795000553131104
2.3627560138702393
2.4095849990844727
2.391050100326538
2.3857569694519043
2.473504066467285
2.450183153152466
2.42514705657959
2.385902166366577
2.4128170013427734
2.46081805229187
2.431326150894165
2.418365955352783
2.4123687744140625
2.4453980922698975
2.4006240367889404
2.406977891921997
2.396268606185913
2.419039011001587
2.417418956756592
2.4462618827819824
2.408679246902466
2.347309112548828
2.431870937347412
2.434140205383301
2.415741205215454
2.405123233795166
2.4148831367492676
2.4387848377227783

Average Response Time: 2.41 seconds
