2.4227869510650635
2.4430668354034424
2.4124372005462646
2.468059778213501
2.454737901687622
2.376194953918457
2.40702486038208
2.229296922683716
2.5425028800964355
2.2688939571380615
2.431656837463379
2.4699151515960693
2.416022777557373
2.410560131072998
2.2186858654022217
2.467586040496826
2.367544174194336
2.3929288387298584
2.443704843521118
2.5066750049591064
2.4289050102233887
2.4293761253356934
2.466125249862671
2.426467180252075
2.4418129920959473
2.442146062850952
2.375706911087036
2.423765182495117
2.4366300106048584
2.661699056625366
2.525560140609741
2.471190929412842
2.4433207511901855
2.455137014389038
2.4501631259918213
2.4464550018310547
2.4525558948516846
2.4562859535217285
2.40047287940979
2.4474029541015625
2.447194814682007
2.456589698791504
2.2172539234161377
2.4308578968048096
2.4248440265655518
2.4975030422210693
2.396899938583374
2.439455032348633
5.90160608291626
2.4622981548309326
2.3897688388824463
2.434422016143799
2.382934093475342
2.432620048522949
2.4438960552215576
2.363483190536499
2.411369800567627
2.4586310386657715
2.4750730991363525
2.4115829467773438
2.3840417861938477
2.4359519481658936
2.4179067611694336
2.4022293090820312
2.4408700466156006
2.413954019546509
2.4358251094818115
2.4387199878692627
2.4594838619232178
2.482062816619873
2.3989510536193848
2.3673880100250244
2.267324924468994
2.486569881439209
2.423854112625122
5.864551067352295
2.2645766735076904
2.4647700786590576
2.4895801544189453
2.397563934326172
2.40281081199646
2.3187477588653564
2.498243808746338
2.496074914932251
3.13267183303833
2.5535728931427
2.4425642490386963
2.4639811515808105
2.5697600841522217
2.470102071762085
2.490818738937378
2.4268198013305664
2.4960649013519287
2.5415380001068115
2.4688827991485596
2.4876458644866943
2.539159059524536
2.4893991947174072
2.54514479637146
2.422586679458618
Average Response Time: 2.51 seconds
