2.517112970352173
2.2426109313964844
2.4137699604034424
2.407742977142334
2.3737688064575195
2.4387168884277344
2.439363956451416
2.4007408618927
2.413879871368408
2.3981821537017822
2.4806699752807617
2.4086859226226807
2.4148268699645996
2.396946907043457
2.377479314804077
5.8546600341796875
2.428868293762207
2.4368159770965576
2.553194999694824
2.443845272064209
2.403109073638916
2.3666999340057373
2.4082000255584717
2.4126219749450684
2.4592719078063965
2.3879690170288086
2.401484251022339
2.437567949295044
2.475447177886963
2.388798952102661
2.3879499435424805
2.4089980125427246
2.446876049041748
2.4774649143218994
2.4887969493865967
2.394834041595459
2.3782989978790283
2.418752908706665
2.512748956680298
2.487037181854248
2.386064291000366
2.3780438899993896
2.390964984893799
2.3029890060424805
2.4164278507232666
2.4047369956970215
2.402621030807495
2.3989779949188232
2.5103018283843994
2.462973117828369
2.4359707832336426
2.503840923309326
2.1904451847076416
2.4432599544525146
2.460782766342163
2.4596149921417236
2.459223747253418
2.391406774520874
2.3775179386138916
2.406738758087158
2.4362261295318604
2.454941987991333
2.4107749462127686
2.3771331310272217
2.4859368801116943
2.4768078327178955
2.369518995285034
2.427673816680908
2.390497922897339
2.397869110107422
2.424734115600586
2.4419162273406982
2.382312059402466
2.3814170360565186
2.4492177963256836
2.437696933746338
2.4000439643859863
2.4334030151367188
2.3833558559417725
2.474709987640381
2.410346031188965
2.4068758487701416
2.3951869010925293
2.187927007675171
2.4529788494110107
2.4307470321655273
2.4187750816345215
2.392914056777954
2.383150100708008
2.483380079269409
2.4754791259765625
2.438490152359009
2.340935230255127
2.403170108795166
2.422389030456543
2.4868268966674805
2.3947651386260986
2.411026954650879
2.420607089996338
5.848433971405029
Average Response Time: 2.49 seconds
